$ 1 0.000005 10.20027730826997 50 5 50 5e-11
x 1243 236 1369 254 4 12 Has\sto\sbe\sa\sRail-To-Rail\\nPWR:\s0V-5V
w 1040 176 1040 96 0
w 928 160 928 96 0
r 1040 96 928 96 0 100000
r 928 160 848 160 0 100000
a 928 176 1040 176 8 9 0 1000000 4.498868329227458 4.498870565463116 100000
O 1296 192 1360 192 0 0
R 720 160 656 160 0 1 40 2.5 4.5 0 0.5
R 848 224 816 224 0 0 40 4.5 0 0 0.5
a 1184 192 1296 192 8 5 0 1000000 4.500015757377819 4.5 100000
R 1184 208 1152 208 0 0 40 4.5 0 0 0.5
r 1184 176 1040 176 0 100000
w 1184 128 1184 -16 0
r 1184 -16 1040 -16 0 100000
174 992 16 1040 -32 1 10000 0.35150000000000003 Offset
R 992 16 960 16 0 0 40 9 0 0 0.5
p 720 160 720 240 3 0 0
r 1184 128 1296 128 0 100000
w 1296 128 1296 192 0
w 1184 128 1184 176 0
p 1040 -16 1040 48 3 0 0
g 944 -48 944 -32 0 0
w 944 -48 992 -48 0
w 720 160 848 160 0
x 561 -99 821 -96 4 24 LFO\scontrol\svoltage\sbias
174 848 160 848 224 1 100000 0.9950000000000001 Attenuvert
w 864 192 928 192 0
R 1040 -96 1008 -96 0 0 40 9 0 0 0.5
r 1184 -96 1040 -96 0 220000
w 1184 -96 1184 -16 0
x 954 233 1021 236 4 12 PWR:\s0V-9V
a 1904 128 2016 128 8 15 -15 1000000 2.9999800002999946 2.9999999999999996 100000
r 1904 112 1760 112 0 200000
r 2016 64 1904 64 0 100000
w 2016 64 2016 128 0
w 1904 64 1904 112 0
p 2016 128 2016 224 3 0 0
R 1760 112 1728 112 0 0 40 5 0 0 0.5
R 1760 144 1728 144 0 0 40 4.5 0 0 0.5
r 1904 144 1760 144 0 100000
r 1904 144 1904 240 0 200000
g 1904 240 1904 256 0 0
x 562 -74 673 -71 4 14 verified\s20240201
o 16 64 0 12291 6.9999999999999085 0.0001 0 2 6 0
